<?xml version="1.0" encoding="UTF-8"?>
<COLLADA xmlns="http://www.collada.org/2005/11/COLLADASchema" version="1.4.1">
 <asset>
  <contributor>
   <authoring_tool>SceneKit Collada Exporter v1.0</authoring_tool>
  </contributor>
  <created>2018-06-01T14:57:23Z</created>
  <modified>2018-06-01T14:57:23Z</modified>
  <unit meter="1.000000"/>
  <up_axis>Z_UP</up_axis>
 </asset>
 <library_animations>
  <animation id="arm-anim1-1" name="arm-anim1-1">
   <animation id="keyframedAnimations1">
    <source id="genericSource2">
     <float_array id="arm-anim1-13-array" count="2">0 0.833333 </float_array>
     <technique_common>
      <accessor source="#arm-anim1-13-array" count="2" stride="1">
       <param name="TIME" type="float"/>
      </accessor>
     </technique_common>
    </source>
    <source id="genericSource4">
     <float_array id="arm-anim1-15-array" count="32">0.888554 0.457963 0.0272293 5.96046e-08 -0.161007 0.255712 0.953251 0.103574 0.429591 -0.851399 0.300949 0 0 0 0 1 0.888554 0.457963 0.0272293 5.96046e-08 -0.161007 0.255712 0.953251 0.103574 0.429591 -0.851399 0.300949 0 0 0 0 1 </float_array>
     <technique_common>
      <accessor source="#arm-anim1-15-array" count="2" stride="16">
       <param name="TRANSFORM" type="float4x4"/>
      </accessor>
     </technique_common>
    </source>
    <sampler id="arm-anim1-16">
     <input semantic="INPUT" source="#genericSource2"/>
     <input semantic="OUTPUT" source="#genericSource4"/>
    </sampler>
    <channel source="#arm-anim1-16" target="Armature_Bone_012/SID_1"/>
   </animation>
   <animation id="keyframedAnimations7">
    <source id="genericSource8">
     <float_array id="arm-anim1-19-array" count="2">0 0.833333 </float_array>
     <technique_common>
      <accessor source="#arm-anim1-19-array" count="2" stride="1">
       <param name="TIME" type="float"/>
      </accessor>
     </technique_common>
    </source>
    <source id="genericSource10">
     <float_array id="arm-anim1-111-array" count="32">0.726757 0.205886 0.655313 0 0.344075 0.716587 -0.606725 0.179245 -0.594505 0.666418 0.449945 0 0 0 0 1 0.726757 0.205886 0.655313 0 0.344075 0.716587 -0.606725 0.179245 -0.594505 0.666418 0.449945 0 0 0 0 1 </float_array>
     <technique_common>
      <accessor source="#arm-anim1-111-array" count="2" stride="16">
       <param name="TRANSFORM" type="float4x4"/>
      </accessor>
     </technique_common>
    </source>
    <sampler id="arm-anim1-112">
     <input semantic="INPUT" source="#genericSource8"/>
     <input semantic="OUTPUT" source="#genericSource10"/>
    </sampler>
    <channel source="#arm-anim1-112" target="Armature_Bone_016/SID_2"/>
   </animation>
   <animation id="keyframedAnimations13">
    <source id="genericSource14">
     <float_array id="arm-anim1-115-array" count="2">0 0.833333 </float_array>
     <technique_common>
      <accessor source="#arm-anim1-115-array" count="2" stride="1">
       <param name="TIME" type="float"/>
      </accessor>
     </technique_common>
    </source>
    <source id="genericSource16">
     <float_array id="arm-anim1-117-array" count="32">0.131524 -0.570647 0.810595 -5.96046e-08 0.563162 0.715946 0.412639 0.946796 -0.815813 0.402224 0.41553 5.96046e-08 0 0 0 1 0.131524 -0.570647 0.810595 -5.96046e-08 0.563162 0.715946 0.412639 0.946796 -0.815813 0.402224 0.41553 5.96046e-08 0 0 0 1 </float_array>
     <technique_common>
      <accessor source="#arm-anim1-117-array" count="2" stride="16">
       <param name="TRANSFORM" type="float4x4"/>
      </accessor>
     </technique_common>
    </source>
    <sampler id="arm-anim1-118">
     <input semantic="INPUT" source="#genericSource14"/>
     <input semantic="OUTPUT" source="#genericSource16"/>
    </sampler>
    <channel source="#arm-anim1-118" target="Armature_Bone_003/SID_3"/>
   </animation>
   <animation id="keyframedAnimations19">
    <source id="genericSource20">
     <float_array id="arm-anim1-121-array" count="2">0 0.833333 </float_array>
     <technique_common>
      <accessor source="#arm-anim1-121-array" count="2" stride="1">
       <param name="TIME" type="float"/>
      </accessor>
     </technique_common>
    </source>
    <source id="genericSource22">
     <float_array id="arm-anim1-123-array" count="32">0.888661 -0.376361 0.261981 1.49012e-08 0.387438 0.92184 0.0100907 0.400777 -0.245303 0.0925343 0.96502 0 0 0 0 1 0.888661 -0.376361 0.261981 1.49012e-08 0.387438 0.92184 0.0100907 0.400777 -0.245303 0.0925343 0.96502 0 0 0 0 1 </float_array>
     <technique_common>
      <accessor source="#arm-anim1-123-array" count="2" stride="16">
       <param name="TRANSFORM" type="float4x4"/>
      </accessor>
     </technique_common>
    </source>
    <sampler id="arm-anim1-124">
     <input semantic="INPUT" source="#genericSource20"/>
     <input semantic="OUTPUT" source="#genericSource22"/>
    </sampler>
    <channel source="#arm-anim1-124" target="Armature_Bone_004/SID_4"/>
   </animation>
   <animation id="keyframedAnimations25">
    <source id="genericSource26">
     <float_array id="arm-anim1-127-array" count="2">0 0.833333 </float_array>
     <technique_common>
      <accessor source="#arm-anim1-127-array" count="2" stride="1">
       <param name="TIME" type="float"/>
      </accessor>
     </technique_common>
    </source>
    <source id="genericSource28">
     <float_array id="arm-anim1-129-array" count="32">0.805587 -0.0525182 0.590146 -5.96046e-08 0.31233 0.884065 -0.347675 0.946796 -0.503469 0.464403 0.728594 5.96046e-08 0 0 0 1 0.805587 -0.0525182 0.590146 -5.96046e-08 0.31233 0.884065 -0.347675 0.946796 -0.503469 0.464403 0.728594 5.96046e-08 0 0 0 1 </float_array>
     <technique_common>
      <accessor source="#arm-anim1-129-array" count="2" stride="16">
       <param name="TRANSFORM" type="float4x4"/>
      </accessor>
     </technique_common>
    </source>
    <sampler id="arm-anim1-130">
     <input semantic="INPUT" source="#genericSource26"/>
     <input semantic="OUTPUT" source="#genericSource28"/>
    </sampler>
    <channel source="#arm-anim1-130" target="Armature_Bone_007/SID_5"/>
   </animation>
   <animation id="keyframedAnimations31">
    <source id="genericSource32">
     <float_array id="arm-anim1-133-array" count="2">0 0.833333 </float_array>
     <technique_common>
      <accessor source="#arm-anim1-133-array" count="2" stride="1">
       <param name="TIME" type="float"/>
      </accessor>
     </technique_common>
    </source>
    <source id="genericSource34">
     <float_array id="arm-anim1-135-array" count="32">0.692178 -0.206865 0.691446 -5.96046e-08 0.368469 0.925067 -0.0920999 0.946796 -0.620581 0.318526 0.716534 5.96046e-08 0 0 0 1 0.692178 -0.206865 0.691446 -5.96046e-08 0.368469 0.925067 -0.0920999 0.946796 -0.620581 0.318526 0.716534 5.96046e-08 0 0 0 1 </float_array>
     <technique_common>
      <accessor source="#arm-anim1-135-array" count="2" stride="16">
       <param name="TRANSFORM" type="float4x4"/>
      </accessor>
     </technique_common>
    </source>
    <sampler id="arm-anim1-136">
     <input semantic="INPUT" source="#genericSource32"/>
     <input semantic="OUTPUT" source="#genericSource34"/>
    </sampler>
    <channel source="#arm-anim1-136" target="Armature_Bone_005/SID_6"/>
   </animation>
   <animation id="keyframedAnimations37">
    <source id="genericSource38">
     <float_array id="arm-anim1-139-array" count="2">0 0.833333 </float_array>
     <technique_common>
      <accessor source="#arm-anim1-139-array" count="2" stride="1">
       <param name="TIME" type="float"/>
      </accessor>
     </technique_common>
    </source>
    <source id="genericSource40">
     <float_array id="arm-anim1-141-array" count="32">0.760827 0.635366 0.132108 -2.98023e-08 -0.624829 0.662212 0.413599 0.428184 0.175303 -0.397222 0.900824 0 0 0 0 1 0.760827 0.635366 0.132108 -2.98023e-08 -0.624829 0.662212 0.413599 0.428184 0.175303 -0.397222 0.900824 0 0 0 0 1 </float_array>
     <technique_common>
      <accessor source="#arm-anim1-141-array" count="2" stride="16">
       <param name="TRANSFORM" type="float4x4"/>
      </accessor>
     </technique_common>
    </source>
    <sampler id="arm-anim1-142">
     <input semantic="INPUT" source="#genericSource38"/>
     <input semantic="OUTPUT" source="#genericSource40"/>
    </sampler>
    <channel source="#arm-anim1-142" target="Armature_Bone_011/SID_7"/>
   </animation>
   <animation id="keyframedAnimations43">
    <source id="genericSource44">
     <float_array id="arm-anim1-145-array" count="2">0 0.833333 </float_array>
     <technique_common>
      <accessor source="#arm-anim1-145-array" count="2" stride="1">
       <param name="TIME" type="float"/>
      </accessor>
     </technique_common>
    </source>
    <source id="genericSource46">
     <float_array id="arm-anim1-147-array" count="32">0.998712 0.0493859 -0.0116808 -0.299557 -0.0493858 0.89282 -0.447699 0.496509 -0.0116812 0.447699 0.894108 0.847705 0 0 0 1 0.998712 0.0493859 -0.0116808 -0.31251 -0.0493858 0.89282 -0.447699 0.262346 -0.0116812 0.447699 0.894108 0.730286 0 0 0 1 </float_array>
     <technique_common>
      <accessor source="#arm-anim1-147-array" count="2" stride="16">
       <param name="TRANSFORM" type="float4x4"/>
      </accessor>
     </technique_common>
    </source>
    <sampler id="arm-anim1-148">
     <input semantic="INPUT" source="#genericSource44"/>
     <input semantic="OUTPUT" source="#genericSource46"/>
    </sampler>
    <channel source="#arm-anim1-148" target="Armature_cmdArm/SID_8"/>
   </animation>
   <animation id="keyframedAnimations49">
    <source id="genericSource50">
     <float_array id="arm-anim1-151-array" count="2">0 0.833333 </float_array>
     <technique_common>
      <accessor source="#arm-anim1-151-array" count="2" stride="1">
       <param name="TIME" type="float"/>
      </accessor>
     </technique_common>
    </source>
    <source id="genericSource52">
     <float_array id="arm-anim1-153-array" count="32">0.739373 0.673161 0.0134954 1.49012e-08 -0.666206 0.728539 0.159371 0.438517 0.0974503 -0.126825 0.987127 -2.98023e-08 0 0 0 1 0.739373 0.673161 0.0134954 1.49012e-08 -0.666206 0.728539 0.159371 0.438517 0.0974503 -0.126825 0.987127 -2.98023e-08 0 0 0 1 </float_array>
     <technique_common>
      <accessor source="#arm-anim1-153-array" count="2" stride="16">
       <param name="TRANSFORM" type="float4x4"/>
      </accessor>
     </technique_common>
    </source>
    <sampler id="arm-anim1-154">
     <input semantic="INPUT" source="#genericSource50"/>
     <input semantic="OUTPUT" source="#genericSource52"/>
    </sampler>
    <channel source="#arm-anim1-154" target="Armature_Bone_010/SID_9"/>
   </animation>
   <animation id="keyframedAnimations55">
    <source id="genericSource56">
     <float_array id="arm-anim1-157-array" count="2">0 0.833333 </float_array>
     <technique_common>
      <accessor source="#arm-anim1-157-array" count="2" stride="1">
       <param name="TIME" type="float"/>
      </accessor>
     </technique_common>
    </source>
    <source id="genericSource58">
     <float_array id="arm-anim1-159-array" count="32">0.80378 -0.586085 -0.102185 -2.98023e-08 0.574597 0.809294 -0.121993 0.45652 0.154197 0.0393407 0.987257 5.96046e-08 0 0 0 1 0.80378 -0.586085 -0.102185 -2.98023e-08 0.574597 0.809294 -0.121993 0.45652 0.154197 0.0393407 0.987257 5.96046e-08 0 0 0 1 </float_array>
     <technique_common>
      <accessor source="#arm-anim1-159-array" count="2" stride="16">
       <param name="TRANSFORM" type="float4x4"/>
      </accessor>
     </technique_common>
    </source>
    <sampler id="arm-anim1-160">
     <input semantic="INPUT" source="#genericSource56"/>
     <input semantic="OUTPUT" source="#genericSource58"/>
    </sampler>
    <channel source="#arm-anim1-160" target="Armature_Bone_008/SID_10"/>
   </animation>
   <animation id="keyframedAnimations61">
    <source id="genericSource62">
     <float_array id="arm-anim1-163-array" count="2">0 0.833333 </float_array>
     <technique_common>
      <accessor source="#arm-anim1-163-array" count="2" stride="1">
       <param name="TIME" type="float"/>
      </accessor>
     </technique_common>
    </source>
    <source id="genericSource64">
     <float_array id="arm-anim1-165-array" count="32">0.91036 -0.386628 0.147524 0.031185 -0.0559869 -0.468292 -0.881798 9.31323e-10 0.410012 0.794494 -0.44796 -0.0983561 0 0 0 1 0.896855 -0.195024 0.397011 0.031185 0.00457252 -0.893418 -0.449202 9.31323e-10 0.442302 0.404684 -0.800374 -0.0983561 0 0 0 1 </float_array>
     <technique_common>
      <accessor source="#arm-anim1-165-array" count="2" stride="16">
       <param name="TRANSFORM" type="float4x4"/>
      </accessor>
     </technique_common>
    </source>
    <sampler id="arm-anim1-166">
     <input semantic="INPUT" source="#genericSource62"/>
     <input semantic="OUTPUT" source="#genericSource64"/>
    </sampler>
    <channel source="#arm-anim1-166" target="Armature_Bone/SID_11"/>
   </animation>
   <animation id="keyframedAnimations67">
    <source id="genericSource68">
     <float_array id="arm-anim1-169-array" count="2">0 0.833333 </float_array>
     <technique_common>
      <accessor source="#arm-anim1-169-array" count="2" stride="1">
       <param name="TIME" type="float"/>
      </accessor>
     </technique_common>
    </source>
    <source id="genericSource70">
     <float_array id="arm-anim1-171-array" count="32">-0.374877 -0.918615 0.124955 0 0.126075 0.0830162 0.988541 0.146565 -0.918462 0.386335 0.0846936 5.96046e-08 0 0 0 1 -0.374877 -0.918615 0.124955 0 0.126075 0.0830162 0.988541 0.146565 -0.918462 0.386335 0.0846936 5.96046e-08 0 0 0 1 </float_array>
     <technique_common>
      <accessor source="#arm-anim1-171-array" count="2" stride="16">
       <param name="TRANSFORM" type="float4x4"/>
      </accessor>
     </technique_common>
    </source>
    <sampler id="arm-anim1-172">
     <input semantic="INPUT" source="#genericSource68"/>
     <input semantic="OUTPUT" source="#genericSource70"/>
    </sampler>
    <channel source="#arm-anim1-172" target="Armature_Bone_014/SID_12"/>
   </animation>
   <animation id="keyframedAnimations73">
    <source id="genericSource74">
     <float_array id="arm-anim1-175-array" count="2">0 0.833333 </float_array>
     <technique_common>
      <accessor source="#arm-anim1-175-array" count="2" stride="1">
       <param name="TIME" type="float"/>
      </accessor>
     </technique_common>
    </source>
    <source id="genericSource76">
     <float_array id="arm-anim1-177-array" count="32">0.894076 -0.44502 0.0508467 1.49012e-08 0.44748 0.892437 -0.0576036 0.4743 -0.0197427 0.0742549 0.997044 -5.96046e-08 0 0 0 1 0.894076 -0.44502 0.0508467 1.49012e-08 0.44748 0.892437 -0.0576036 0.4743 -0.0197427 0.0742549 0.997044 -5.96046e-08 0 0 0 1 </float_array>
     <technique_common>
      <accessor source="#arm-anim1-177-array" count="2" stride="16">
       <param name="TRANSFORM" type="float4x4"/>
      </accessor>
     </technique_common>
    </source>
    <sampler id="arm-anim1-178">
     <input semantic="INPUT" source="#genericSource74"/>
     <input semantic="OUTPUT" source="#genericSource76"/>
    </sampler>
    <channel source="#arm-anim1-178" target="Armature_Bone_006/SID_13"/>
   </animation>
   <animation id="keyframedAnimations79">
    <source id="genericSource80">
     <float_array id="arm-anim1-181-array" count="2">0 0.833333 </float_array>
     <technique_common>
      <accessor source="#arm-anim1-181-array" count="2" stride="1">
       <param name="TIME" type="float"/>
      </accessor>
     </technique_common>
    </source>
    <source id="genericSource82">
     <float_array id="arm-anim1-183-array" count="32">0.561663 0.823771 -0.0770448 5.96046e-08 -0.0132279 0.102049 0.994691 0.161336 0.82726 -0.557662 0.0682141 0 0 0 0 1 0.561663 0.823771 -0.0770448 5.96046e-08 -0.0132279 0.102049 0.994691 0.161336 0.82726 -0.557662 0.0682141 0 0 0 0 1 </float_array>
     <technique_common>
      <accessor source="#arm-anim1-183-array" count="2" stride="16">
       <param name="TRANSFORM" type="float4x4"/>
      </accessor>
     </technique_common>
    </source>
    <sampler id="arm-anim1-184">
     <input semantic="INPUT" source="#genericSource80"/>
     <input semantic="OUTPUT" source="#genericSource82"/>
    </sampler>
    <channel source="#arm-anim1-184" target="Armature_Bone_013/SID_14"/>
   </animation>
   <animation id="keyframedAnimations85">
    <source id="genericSource86">
     <float_array id="arm-anim1-187-array" count="2">0 0.833333 </float_array>
     <technique_common>
      <accessor source="#arm-anim1-187-array" count="2" stride="1">
       <param name="TIME" type="float"/>
      </accessor>
     </technique_common>
    </source>
    <source id="genericSource88">
     <float_array id="arm-anim1-189-array" count="32">-0.878856 0.0940266 -0.467729 -5.96046e-08 -0.206589 0.8087 0.55075 0.946796 0.430037 0.580658 -0.691306 5.96046e-08 0 0 0 1 -0.878856 0.0940266 -0.467729 -5.96046e-08 -0.206589 0.8087 0.55075 0.946796 0.430037 0.580658 -0.691306 5.96046e-08 0 0 0 1 </float_array>
     <technique_common>
      <accessor source="#arm-anim1-189-array" count="2" stride="16">
       <param name="TRANSFORM" type="float4x4"/>
      </accessor>
     </technique_common>
    </source>
    <sampler id="arm-anim1-190">
     <input semantic="INPUT" source="#genericSource86"/>
     <input semantic="OUTPUT" source="#genericSource88"/>
    </sampler>
    <channel source="#arm-anim1-190" target="Armature_Bone_009/SID_15"/>
   </animation>
   <animation id="keyframedAnimations91">
    <source id="genericSource92">
     <float_array id="arm-anim1-193-array" count="2">0 0.833333 </float_array>
     <technique_common>
      <accessor source="#arm-anim1-193-array" count="2" stride="1">
       <param name="TIME" type="float"/>
      </accessor>
     </technique_common>
    </source>
    <source id="genericSource94">
     <float_array id="arm-anim1-195-array" count="32">0.880853 0.0623202 0.469269 -3.72529e-09 -0.46773 0.267394 0.842454 0.393836 -0.0729775 -0.96157 0.264684 -7.45058e-09 0 0 0 1 0.864969 0.0628081 0.497878 -9.31323e-09 -0.471391 -0.238551 0.849049 0.393836 0.172096 -0.969097 -0.176732 0 0 0 0 1 </float_array>
     <technique_common>
      <accessor source="#arm-anim1-195-array" count="2" stride="16">
       <param name="TRANSFORM" type="float4x4"/>
      </accessor>
     </technique_common>
    </source>
    <sampler id="arm-anim1-196">
     <input semantic="INPUT" source="#genericSource92"/>
     <input semantic="OUTPUT" source="#genericSource94"/>
    </sampler>
    <channel source="#arm-anim1-196" target="Armature_Bone_001/SID_16"/>
   </animation>
   <animation id="keyframedAnimations97">
    <source id="genericSource98">
     <float_array id="arm-anim1-199-array" count="2">0 0.833333 </float_array>
     <technique_common>
      <accessor source="#arm-anim1-199-array" count="2" stride="1">
       <param name="TIME" type="float"/>
      </accessor>
     </technique_common>
    </source>
    <source id="genericSource100">
     <float_array id="arm-anim1-1101-array" count="32">0.246073 -0.559395 0.791533 -5.96046e-08 0.219528 0.827588 0.516629 0.132831 -0.944063 0.0466354 0.32645 3.72529e-08 0 0 0 1 0.246073 -0.559395 0.791533 -5.96046e-08 0.219528 0.827588 0.516629 0.132831 -0.944063 0.0466354 0.32645 3.72529e-08 0 0 0 1 </float_array>
     <technique_common>
      <accessor source="#arm-anim1-1101-array" count="2" stride="16">
       <param name="TRANSFORM" type="float4x4"/>
      </accessor>
     </technique_common>
    </source>
    <sampler id="arm-anim1-1102">
     <input semantic="INPUT" source="#genericSource98"/>
     <input semantic="OUTPUT" source="#genericSource100"/>
    </sampler>
    <channel source="#arm-anim1-1102" target="Armature_Bone_015/SID_17"/>
   </animation>
   <animation id="keyframedAnimations103">
    <source id="genericSource104">
     <float_array id="arm-anim1-1105-array" count="2">0 0.833333 </float_array>
     <technique_common>
      <accessor source="#arm-anim1-1105-array" count="2" stride="1">
       <param name="TIME" type="float"/>
      </accessor>
     </technique_common>
    </source>
    <source id="genericSource106">
     <float_array id="arm-anim1-1107-array" count="32">-0.948774 0.132788 -0.286698 -5.96046e-08 -0.130505 0.661675 0.738346 0.946796 0.287744 0.737939 -0.610451 5.96046e-08 0 0 0 1 -0.948774 0.132788 -0.286698 -5.96046e-08 -0.130505 0.661675 0.738346 0.946796 0.287744 0.737939 -0.610451 5.96046e-08 0 0 0 1 </float_array>
     <technique_common>
      <accessor source="#arm-anim1-1107-array" count="2" stride="16">
       <param name="TRANSFORM" type="float4x4"/>
      </accessor>
     </technique_common>
    </source>
    <sampler id="arm-anim1-1108">
     <input semantic="INPUT" source="#genericSource104"/>
     <input semantic="OUTPUT" source="#genericSource106"/>
    </sampler>
    <channel source="#arm-anim1-1108" target="Armature_Bone_002/SID_18"/>
   </animation>
  </animation>
 </library_animations>
 <library_materials>
  <material id="default-material" name="default">
   <instance_effect url="#effect_default-material"/>
  </material>
 </library_materials>
 <library_effects>
  <effect id="effect_default-material">
   <profile_COMMON>
    <technique sid="common">
     <phong>
      <ambient>
       <color>0 0 0 1</color>
      </ambient>
      <diffuse>
       <color>0.452399 0.71723 1 1</color>
      </diffuse>
      <specular>
       <color>0.981346 0.986484 1 1</color>
      </specular>
      <shininess>
       <float>50</float>
      </shininess>
      <reflective>
       <color>0.332302 0.330044 0.791621 1</color>
      </reflective>
      <transparency>
       <float>0.6804</float>
      </transparency>
      <index_of_refraction>
       <float>1</float>
      </index_of_refraction>
     </phong>
    </technique>
   </profile_COMMON>
   <extra>
    <technique profile="SceneKit">
     <litPerPixel>1</litPerPixel>
     <ambient_diffuse_lock>1</ambient_diffuse_lock>
    </technique>
   </extra>
  </effect>
 </library_effects>
 <library_geometries>
  <geometry id="geometry109">
   <mesh>
    <source id="Group1_001-mesh-positions">
